1.689882507983921
4.61779531644681
34.16857627061361
2.631356907966942
18.26619080884058
1.892529218018026
10.36748882768157
1.638087387840015
1.830688211498481
1.633894667187796
2.617272321874847
1.618951469175863
2.030912075355039
1.620798607096168
1.730403937408873
1.618747290705847
1.628415557710217
1.617989197208784
1.626860890494209
1.617900236688956
1.622166712138548
1.617801591962947
1.62171616967233
1.617641252869484
1.621637091521943
1.617578312102399
1.621242540919055
1.617467316090616
1.619743328569805
1.617438749770504
1.619567048976928
1.617357722706107
1.619522953218703
1.617334431744033
1.619364768989589
1.617293122748422
1.618701510054567
1.617270566413466
1.617015987508466
1.617238304046462
1.617015887235173
1.617224218618569
1.617015965704746
1.617199008729566
1.617015884543366
1.617189507339673
1.617015950968613
1.617169231439585
1.617015883781831
1.617015883780406
1.617015883779016
1.61701588377766
1.617015883776336
1.617015883775042
1.617015883773778
1.617015883772541
1.617015883771331
1.617015883770147
1.617015883768988
1.617015883767852
1.61701588376674
1.617015883765649
1.617015883764579
1.61701588376353
1.617015883762499
1.617015883761488
1.617015883760496
1.61701588375952
1.617015883758562
1.61701588375762
1.617015883756694
1.617015883755783
1.617015883754887
1.617015883754007
1.617015883753139
1.617015883752285
1.617015883751444
1.617015883750616
1.617015883749801
1.617015883748996
1.617015883748204
1.617015883747424
1.617015883746654
1.617015883745895
1.617015883745147
1.617015883744408
1.617015883743679
1.617015883742961
1.617015883742252
1.617015883741551
1.61701588374086
1.617015883740177
1.617015883739503
1.617015883738837
1.617015883738333
1.617299062047008
1.617015913116891
1.617266495694586
1.617015883779421
1.617015883778793
1.617015883778172
1.617015883777558
1.617015883776952
1.617015883776352
1.617015883775758
1.61701588377517
1.61701588377459
1.617015883774015
1.617015883773447
1.617015883772884
1.617015883772327
1.617015883771776
1.61701588377123
1.61701588377069
1.617015883770155
1.617015883769626
1.617015883769101
1.617015883768582
1.617015883768067
1.617015883767558
1.617015883767053
1.617015883766552
1.617015883766056
1.617015883765566
1.617015883765079
1.617015883764597
1.61701588376412
1.617015883763645
1.617015883763176
1.61701588376271
1.617015883762249
1.617015883761791
1.617015883761338
1.617015883760887
1.617015883760441
1.617015883759999
1.61701588375956
1.617015883759124
1.617015883758693
1.617015883758264
1.617015883757839
1.617015883757417
1.617015883756998
1.617015883756584
1.617015883756171
1.617015883755763
1.617015883755357
1.617015883754954
1.617015883754554
1.617015883754157
1.617015883753763
1.617015883753372
1.617015883752984
1.617015883752599
1.617015883752216
1.617015883751836
1.617015883751459
1.617015883751085
1.617015883750712
1.617015883750343
1.617015883749976
1.617015883749611
1.617015883749249
1.61701588374889
1.617015883748533
1.617015883748178
1.617015883747826
1.617015883747475
1.617015883747128
1.617015883746782
1.617015883746439
1.617015883746097
1.617015883745759
1.617015883745421
1.617015883745087
1.617015883744754
1.617015883744423
1.617015883744095
1.617015883743768
1.617015883743443
1.617015883743121
1.6170158837428
1.617015883742481
1.617015883742164
1.617015883741849
1.617015883741536
1.617015883741224
1.617015883740915
1.617015883740607
1.617015883740301
1.617015883739997
1.617015883739694
1.617015883739393
1.617015883739094
1.617015883738797
1.617015883738501
1.617015883738206
1.617015883737914
1.617015883737622
1.617015883737333
